Updated Player Direction Arrays:

North:

0,0,0,1,0,0,0,0,
0,0,1,1,0,0,0,0,
0,0,1,1,0,0,0,0,
0,1,1,1,1,0,0,0,
1,0,1,1,0,1,0,0,
0,0,1,1,0,0,1,0,
0,1,1,1,1,0,0,1,
0,1,0,0,1,0,0,0

North1:

0,0,0,1,0,0,0,0,
0,0,1,1,0,0,0,0,
0,0,1,1,0,0,0,0,
0,1,1,1,1,0,0,0,
1,0,1,1,0,1,0,0,
1,0,1,1,0,0,1,0,
0,1,1,1,1,0,0,1,
0,0,0,0,1,0,0,0

North2:

0,0,1,0,0,0,0,0,
0,0,1,1,0,0,0,0,
0,0,1,1,0,0,0,0,
0,1,1,1,1,0,0,0,
1,0,1,1,0,1,0,0,
0,0,1,1,0,0,1,0,
0,1,1,1,1,0,0,1,
0,1,0,0,0,0,0,0

South:

0,0,0,0,1,0,0,0,
0,0,0,0,1,1,0,0,
0,0,0,0,1,1,0,0,
0,0,0,1,1,1,1,0,
0,0,1,0,1,1,0,1,
0,1,0,0,1,1,0,0,
1,0,0,1,1,1,1,0,
0,0,0,1,0,0,1,0

South1:

0,0,0,0,1,0,0,0,
0,0,0,0,1,1,0,0,
0,0,0,0,1,1,0,0,
0,0,0,1,1,1,1,0,
0,0,1,0,1,1,0,1,
0,1,0,0,1,1,0,1,
1,0,0,1,1,1,1,0,
0,0,0,1,0,0,0,0

South2:

0,0,0,0,0,1,0,0,
0,0,0,0,1,1,0,0,
0,0,0,0,1,1,0,0,
0,0,0,1,1,1,1,0,
0,0,1,0,1,1,0,1,
0,1,0,0,1,1,0,0,
1,0,0,1,1,1,1,0,
0,0,0,0,0,0,1,0

East:

0,1,0,0,0,0,0,0,
0,0,1,1,0,0,0,0,
0,0,1,1,0,0,0,1,
0,1,1,0,0,0,1,0,
0,1,1,1,1,1,0,0,
0,1,1,0,1,0,0,0,
0,1,1,0,0,0,0,0,
1,0,0,1,0,0,0,0

East1:

0,1,0,0,0,0,0,0,
0,0,1,1,0,0,0,1,
0,0,1,1,0,0,1,0,
0,1,1,0,0,1,0,0,
1,1,1,1,1,0,0,0,
0,1,1,0,0,0,0,0,
1,0,1,0,0,0,0,0,
1,0,0,1,0,0,0,0

East2:

0,1,0,0,0,0,0,0,
0,0,1,1,0,0,0,1,
0,0,1,1,0,0,1,0,
0,1,1,0,0,1,0,0,
1,1,1,1,1,0,0,0,
0,1,1,0,0,0,0,0,
0,0,1,1,0,0,0,0,
1,0,0,1,0,0,0,0

West:

0,0,0,0,0,0,1,0,
0,0,0,0,1,1,0,0,
1,0,0,0,1,1,0,0,
0,1,0,0,0,1,1,0,
0,0,1,1,1,1,1,0,
0,0,0,1,0,1,1,0,
0,0,0,0,0,1,1,0,
0,0,0,0,1,0,0,1

West1:

0,0,0,0,0,0,1,0,
1,0,0,0,1,1,0,0,
0,1,0,0,1,1,0,0,
0,0,1,0,0,1,1,0,
0,0,0,1,1,1,1,1,
0,0,0,0,0,1,1,0,
0,0,0,0,0,1,0,1,
0,0,0,0,1,0,0,1

West2:

0,0,0,0,0,0,1,0,
1,0,0,0,1,1,0,0,
0,1,0,0,1,1,0,0,
0,0,1,0,0,1,1,0,
0,0,0,1,1,1,1,1,
0,0,0,0,0,1,1,0,
0,0,0,0,1,1,0,0,
0,0,0,0,1,0,0,1